1107
1158
1167
1168
1208
1212
1261
1373
1406
1451
1476
1517
1525
1644
1654
1676
1697
1699
1707
1744
1759
1780
1783
1806
1850
1929
1931
1934
1963
1967
1978
1987
1991
1992
2003
2004
2089
2110
2133
2143
2146
2186
2225
2251
2261
2331
2442
2445
2446
2447
2448
2522
2580
2609
2632
2743
2745
2751
2805
2873
2875
3108
4963
5014
6588
6603
7453
7576
9012
9019
9095
9465
9466
9613
10451
10610
10799
10814
10815
10816
10818
10819
10820
10824
10825
10828
10844
10845
10866
10872
10950
10951
10952
10953
10971
10989
10991
10992
11004
11005
11021
11022
11047
11052
11054
11055
11399
11576
11650
11651
11652
11653
11655
11656
11662
11719
11720
11721
11722
11724
11725
11728
11729
